0 0.248047 0.275391 0.050781 0.050781
0 0.210938 0.330078 0.062500 0.042969
0 0.277344 0.333984 0.031250 0.035156
0 0.378906 0.248047 0.039062 0.058594
0 0.558594 0.232422 0.070312 0.082031
0 0.693359 0.134766 0.035156 0.035156
0 0.773438 0.144531 0.039062 0.046875
0 0.742188 0.275391 0.046875 0.058594
0 0.699219 0.179688 0.023438 0.023438
0 0.744141 0.695312 0.066406 0.054688
0 0.552734 0.675781 0.050781 0.046875
0 0.474609 0.748047 0.066406 0.058594
0 0.310547 0.873047 0.050781 0.042969
0 0.337891 0.839844 0.042969 0.031250
0 0.101562 0.615234 0.070312 0.074219
0 0.144531 0.404297 0.054688 0.050781
0 0.177734 0.373047 0.050781 0.042969
0 0.142578 0.464844 0.050781 0.031250
0 0.169922 0.490234 0.042969 0.042969
0 0.095703 0.837891 0.050781 0.058594
0 0.617188 0.857422 0.054688 0.042969
0 0.546875 0.867188 0.039062 0.031250
0 0.523438 0.902344 0.039062 0.031250
0 0.824219 0.753906 0.023438 0.054688
