0 0.306641 0.271484 0.074219 0.042969
0 0.503906 0.343750 0.101562 0.093750
0 0.595703 0.384766 0.082031 0.042969
0 0.566406 0.175781 0.070312 0.046875
0 0.632812 0.136719 0.062500 0.054688
0 0.824219 0.041016 0.062500 0.066406
0 0.832031 0.156250 0.054688 0.046875
0 0.177734 0.396484 0.082031 0.058594
0 0.197266 0.339844 0.035156 0.031250
0 0.287109 0.474609 0.066406 0.105469
0 0.154297 0.628906 0.167969 0.125000
0 0.265625 0.677734 0.093750 0.058594
0 0.363281 0.593750 0.101562 0.070312
0 0.527344 0.582031 0.062500 0.062500
0 0.683594 0.472656 0.085938 0.062500
0 0.705078 0.542969 0.058594 0.054688
0 0.853516 0.398438 0.167969 0.093750
0 0.812500 0.300781 0.054688 0.039062
0 0.716797 0.183594 0.066406 0.046875
0 0.640625 0.242188 0.062500 0.039062
0 0.349609 0.824219 0.105469 0.070312
0 0.482422 0.841797 0.050781 0.042969
0 0.824219 0.474609 0.062500 0.050781
0 0.873047 0.591797 0.042969 0.058594
0 0.177734 0.949219 0.183594 0.046875
0 0.181641 0.742188 0.058594 0.054688
