0 0.388672 0.216797 0.285156 0.238281
0 0.675781 0.076172 0.296875 0.128906
0 0.703125 0.236328 0.328125 0.121094
0 0.886719 0.451172 0.140625 0.285156
0 0.746094 0.466797 0.140625 0.105469
0 0.630859 0.541016 0.089844 0.058594
0 0.408203 0.433594 0.277344 0.195312
0 0.220703 0.449219 0.066406 0.218750
0 0.232422 0.632812 0.167969 0.140625
0 0.126953 0.714844 0.082031 0.078125
0 0.162109 0.794922 0.058594 0.058594
0 0.351562 0.802734 0.078125 0.074219
0 0.427734 0.611328 0.128906 0.074219
0 0.730469 0.703125 0.140625 0.148438
0 0.642578 0.802734 0.050781 0.042969
0 0.519531 0.833984 0.125000 0.082031
0 0.451172 0.771484 0.035156 0.027344
0 0.404297 0.912109 0.183594 0.105469
0 0.208984 0.919922 0.144531 0.050781
