0 0.386719 0.179688 0.093750 0.164062
0 0.273438 0.333984 0.101562 0.136719
0 0.423828 0.312500 0.089844 0.078125
0 0.373047 0.384766 0.105469 0.058594
0 0.298828 0.449219 0.082031 0.070312
0 0.345703 0.570312 0.121094 0.085938
0 0.505859 0.562500 0.082031 0.046875
0 0.714844 0.554688 0.093750 0.140625
0 0.802734 0.492188 0.082031 0.070312
0 0.783203 0.375000 0.074219 0.117188
0 0.849609 0.468750 0.066406 0.078125
0 0.533203 0.197266 0.050781 0.042969
0 0.605469 0.244141 0.046875 0.050781
0 0.244141 0.121094 0.160156 0.085938
0 0.134766 0.187500 0.066406 0.046875
0 0.080078 0.226562 0.035156 0.062500
0 0.218750 0.214844 0.062500 0.046875
0 0.396484 0.804688 0.074219 0.062500
0 0.509766 0.839844 0.035156 0.031250
0 0.572266 0.673828 0.058594 0.050781
0 0.779297 0.664062 0.042969 0.054688
0 0.566406 0.386719 0.054688 0.062500
0 0.648438 0.402344 0.046875 0.062500
0 0.451172 0.490234 0.042969 0.035156
