0 0.199219 0.048828 0.164062 0.074219
0 0.080078 0.107422 0.066406 0.082031
0 0.191406 0.164062 0.070312 0.046875
0 0.380859 0.210938 0.222656 0.187500
0 0.570312 0.203125 0.148438 0.117188
0 0.664062 0.406250 0.335938 0.281250
0 0.902344 0.451172 0.132812 0.167969
0 0.748047 0.617188 0.144531 0.125000
0 0.882812 0.691406 0.125000 0.117188
0 0.849609 0.765625 0.128906 0.101562
0 0.724609 0.796875 0.113281 0.062500
0 0.800781 0.845703 0.046875 0.050781
0 0.470703 0.605469 0.105469 0.078125
0 0.326172 0.560547 0.050781 0.042969
0 0.263672 0.609375 0.097656 0.078125
0 0.171875 0.486328 0.132812 0.074219
0 0.222656 0.250000 0.062500 0.062500
0 0.162109 0.246094 0.035156 0.031250
0 0.138672 0.562500 0.050781 0.101562
0 0.195312 0.689453 0.078125 0.144531
0 0.509766 0.892578 0.183594 0.066406
0 0.683594 0.933594 0.156250 0.054688
0 0.511719 0.787109 0.140625 0.089844
0 0.625000 0.710938 0.093750 0.117188
