0 0.353516 0.041016 0.105469 0.074219
0 0.451172 0.109375 0.066406 0.046875
0 0.605469 0.298828 0.101562 0.105469
0 0.515625 0.414062 0.171875 0.101562
0 0.703125 0.451172 0.171875 0.105469
0 0.646484 0.146484 0.097656 0.082031
0 0.355469 0.609375 0.109375 0.085938
0 0.208984 0.554688 0.074219 0.062500
0 0.529297 0.689453 0.121094 0.074219
0 0.595703 0.634766 0.074219 0.066406
0 0.531250 0.759766 0.078125 0.066406
0 0.671875 0.882812 0.179688 0.054688
0 0.832031 0.695312 0.171875 0.132812
0 0.732422 0.271484 0.097656 0.042969
