0 0.718750 0.126953 0.429688 0.183594
0 0.720703 0.314453 0.160156 0.191406
0 0.720703 0.462891 0.199219 0.113281
0 0.859375 0.363281 0.109375 0.062500
0 0.601562 0.589844 0.078125 0.046875
0 0.673828 0.742188 0.324219 0.250000
0 0.839844 0.597656 0.109375 0.062500
0 0.439453 0.326172 0.316406 0.230469
0 0.373047 0.580078 0.160156 0.277344
0 0.509766 0.462891 0.066406 0.066406
0 0.183594 0.509766 0.210938 0.105469
0 0.312500 0.890625 0.289062 0.117188
0 0.232422 0.748047 0.050781 0.050781
0 0.210938 0.640625 0.062500 0.062500
0 0.255859 0.582031 0.082031 0.039062
