0 0.468750 0.285156 0.125000 0.054688
0 0.216797 0.330078 0.105469 0.113281
0 0.353516 0.341797 0.175781 0.066406
0 0.560547 0.351562 0.097656 0.046875
0 0.578125 0.416016 0.070312 0.035156
0 0.730469 0.458984 0.210938 0.097656
0 0.498047 0.533203 0.246094 0.183594
0 0.792969 0.597656 0.343750 0.148438
0 0.570312 0.750000 0.140625 0.117188
0 0.685547 0.728516 0.042969 0.050781
0 0.900391 0.736328 0.089844 0.082031
0 0.542969 0.902344 0.148438 0.125000
0 0.353516 0.689453 0.191406 0.136719
0 0.353516 0.808594 0.160156 0.070312
0 0.162109 0.677734 0.105469 0.074219
0 0.148438 0.548828 0.195312 0.058594
0 0.292969 0.458984 0.156250 0.105469
0 0.175781 0.794922 0.125000 0.089844
