0 0.107422 0.146484 0.082031 0.121094
0 0.285156 0.216797 0.078125 0.066406
0 0.240234 0.333984 0.121094 0.105469
0 0.359375 0.412109 0.132812 0.097656
0 0.470703 0.343750 0.089844 0.164062
0 0.460938 0.160156 0.093750 0.070312
0 0.730469 0.328125 0.054688 0.046875
0 0.695312 0.478516 0.062500 0.058594
0 0.851562 0.464844 0.070312 0.062500
0 0.837891 0.531250 0.066406 0.062500
0 0.875000 0.576172 0.046875 0.035156
0 0.841797 0.687500 0.105469 0.085938
0 0.960938 0.662109 0.039062 0.113281
0 0.576172 0.666016 0.082031 0.074219
0 0.691406 0.664062 0.101562 0.078125
0 0.750000 0.722656 0.062500 0.054688
0 0.730469 0.880859 0.062500 0.050781
0 0.705078 0.933594 0.050781 0.054688
0 0.605469 0.789062 0.054688 0.039062
0 0.718750 0.798828 0.039062 0.042969
0 0.507812 0.748047 0.054688 0.066406
0 0.416016 0.765625 0.058594 0.062500
0 0.439453 0.882812 0.136719 0.109375
0 0.474609 0.605469 0.066406 0.070312
0 0.347656 0.609375 0.085938 0.093750
0 0.208984 0.582031 0.066406 0.085938
