0 0.193359 0.417969 0.285156 0.273438
0 0.218750 0.603516 0.335938 0.089844
0 0.242188 0.712891 0.109375 0.097656
0 0.097656 0.675781 0.125000 0.070312
0 0.201172 0.847656 0.144531 0.070312
0 0.419922 0.488281 0.136719 0.093750
0 0.425781 0.361328 0.070312 0.050781
0 0.525391 0.306641 0.089844 0.058594
0 0.621094 0.195312 0.140625 0.140625
0 0.535156 0.101562 0.062500 0.062500
0 0.789062 0.251953 0.078125 0.066406
0 0.833984 0.314453 0.097656 0.058594
0 0.675781 0.435547 0.156250 0.105469
0 0.597656 0.496094 0.078125 0.062500
0 0.605469 0.691406 0.085938 0.070312
0 0.691406 0.744141 0.085938 0.050781
0 0.736328 0.863281 0.316406 0.140625
0 0.798828 0.660156 0.128906 0.046875
0 0.750000 0.699219 0.062500 0.046875
0 0.886719 0.427734 0.132812 0.113281
0 0.744141 0.345703 0.042969 0.050781
0 0.455078 0.787109 0.058594 0.050781
0 0.857422 0.759766 0.058594 0.042969
