0 0.515625 0.146484 0.195312 0.128906
0 0.505859 0.308594 0.292969 0.195312
0 0.552734 0.466797 0.105469 0.113281
0 0.677734 0.574219 0.246094 0.140625
0 0.906250 0.648438 0.132812 0.460938
0 0.792969 0.671875 0.078125 0.078125
0 0.761719 0.837891 0.070312 0.082031
0 0.710938 0.695312 0.039062 0.039062
0 0.603516 0.818359 0.253906 0.269531
0 0.494141 0.621094 0.121094 0.109375
0 0.394531 0.490234 0.156250 0.121094
0 0.263672 0.626953 0.230469 0.105469
0 0.281250 0.712891 0.070312 0.042969
0 0.105469 0.460938 0.132812 0.125000
0 0.060547 0.550781 0.058594 0.062500
0 0.074219 0.337891 0.109375 0.105469
0 0.208984 0.320312 0.128906 0.078125
0 0.226562 0.148438 0.210938 0.242188
0 0.759766 0.261719 0.058594 0.078125
