0 0.140625 0.152344 0.179688 0.125000
0 0.130859 0.246094 0.121094 0.062500
0 0.259766 0.136719 0.027344 0.046875
0 0.320312 0.212891 0.039062 0.050781
0 0.500000 0.183594 0.070312 0.109375
0 0.408203 0.085938 0.136719 0.039062
0 0.570312 0.316406 0.242188 0.171875
0 0.593750 0.480469 0.125000 0.148438
0 0.236328 0.390625 0.058594 0.062500
0 0.273438 0.457031 0.039062 0.054688
0 0.333984 0.519531 0.097656 0.062500
0 0.408203 0.625000 0.214844 0.140625
0 0.763672 0.492188 0.089844 0.039062
0 0.837891 0.443359 0.058594 0.050781
0 0.794922 0.656250 0.144531 0.164062
0 0.138672 0.529297 0.058594 0.089844
0 0.263672 0.785156 0.050781 0.046875
0 0.695312 0.820312 0.109375 0.046875
0 0.402344 0.158203 0.140625 0.089844
