0 0.132812 0.082031 0.203125 0.125000
0 0.306641 0.089844 0.050781 0.039062
0 0.279297 0.169922 0.050781 0.042969
0 0.396484 0.189453 0.136719 0.128906
0 0.492188 0.394531 0.406250 0.273438
0 0.574219 0.230469 0.171875 0.093750
0 0.378906 0.611328 0.179688 0.082031
0 0.291016 0.759766 0.089844 0.066406
0 0.423828 0.730469 0.105469 0.117188
0 0.488281 0.888672 0.078125 0.136719
0 0.617188 0.925781 0.187500 0.093750
0 0.712891 0.675781 0.097656 0.132812
0 0.796875 0.746094 0.085938 0.070312
0 0.746094 0.552734 0.085938 0.082031
0 0.812500 0.527344 0.054688 0.046875
0 0.886719 0.576172 0.054688 0.050781
0 0.710938 0.404297 0.062500 0.050781
0 0.562500 0.753906 0.054688 0.046875
0 0.228516 0.570312 0.042969 0.039062
