0 0.072266 0.761719 0.082031 0.070312
0 0.220703 0.687500 0.191406 0.140625
0 0.248047 0.800781 0.152344 0.109375
0 0.357422 0.742188 0.082031 0.085938
0 0.251953 0.505859 0.214844 0.089844
0 0.181641 0.412109 0.175781 0.121094
0 0.269531 0.335938 0.078125 0.078125
0 0.337891 0.445312 0.074219 0.062500
0 0.501953 0.390625 0.152344 0.218750
0 0.650391 0.414062 0.113281 0.093750
0 0.599609 0.550781 0.058594 0.062500
0 0.490234 0.603516 0.066406 0.066406
0 0.630859 0.685547 0.097656 0.105469
0 0.654297 0.193359 0.082031 0.074219
0 0.757812 0.191406 0.070312 0.070312
0 0.722656 0.097656 0.054688 0.039062
