0 0.576172 0.519531 0.777344 0.171875
0 0.242188 0.349609 0.148438 0.167969
0 0.656250 0.353516 0.640625 0.167969
0 0.429688 0.205078 0.179688 0.097656
0 0.595703 0.144531 0.175781 0.132812
0 0.734375 0.255859 0.273438 0.066406
0 0.765625 0.078125 0.210938 0.117188
0 0.150391 0.361328 0.058594 0.050781
0 0.861328 0.169922 0.144531 0.050781
0 0.355469 0.660156 0.273438 0.125000
0 0.496094 0.808594 0.148438 0.132812
0 0.578125 0.726562 0.148438 0.070312
0 0.687500 0.642578 0.125000 0.089844
0 0.775391 0.730469 0.183594 0.078125
0 0.693359 0.835938 0.199219 0.109375
0 0.878906 0.669922 0.117188 0.066406
0 0.171875 0.775391 0.062500 0.035156
0 0.568359 0.650391 0.191406 0.097656
