0 0.466797 0.078125 0.128906 0.078125
0 0.439453 0.224609 0.113281 0.128906
0 0.515625 0.443359 0.093750 0.066406
0 0.527344 0.347656 0.078125 0.054688
0 0.781250 0.367188 0.343750 0.312500
0 0.783203 0.666016 0.066406 0.050781
0 0.863281 0.750000 0.062500 0.062500
0 0.787109 0.832031 0.066406 0.062500
0 0.701172 0.912109 0.144531 0.066406
0 0.537109 0.806641 0.160156 0.089844
0 0.501953 0.660156 0.105469 0.078125
0 0.417969 0.568359 0.101562 0.058594
0 0.287109 0.570312 0.121094 0.078125
0 0.144531 0.445312 0.054688 0.039062
0 0.121094 0.343750 0.054688 0.039062
0 0.107422 0.601562 0.105469 0.125000
0 0.199219 0.751953 0.234375 0.160156
0 0.177734 0.884766 0.089844 0.042969
0 0.332031 0.904297 0.070312 0.082031
0 0.525391 0.921875 0.066406 0.109375
