0 0.451172 0.113281 0.371094 0.218750
0 0.226562 0.230469 0.109375 0.078125
0 0.201172 0.345703 0.261719 0.113281
0 0.498047 0.328125 0.246094 0.117188
0 0.585938 0.251953 0.156250 0.058594
0 0.384766 0.255859 0.089844 0.058594
0 0.322266 0.460938 0.058594 0.101562
0 0.550781 0.462891 0.132812 0.113281
0 0.603516 0.562500 0.160156 0.062500
0 0.832031 0.332031 0.132812 0.132812
0 0.851562 0.515625 0.132812 0.195312
0 0.953125 0.529297 0.054688 0.222656
0 0.921875 0.675781 0.078125 0.078125
0 0.738281 0.582031 0.125000 0.078125
0 0.470703 0.656250 0.144531 0.054688
0 0.625000 0.669922 0.078125 0.058594
0 0.775391 0.718750 0.113281 0.062500
0 0.888672 0.753906 0.121094 0.062500
0 0.814453 0.849609 0.144531 0.113281
0 0.658203 0.748047 0.097656 0.082031
0 0.564453 0.777344 0.050781 0.046875
0 0.429688 0.808594 0.125000 0.078125
0 0.189453 0.664062 0.082031 0.046875
0 0.132812 0.554688 0.062500 0.039062
0 0.097656 0.707031 0.085938 0.054688
0 0.294922 0.658203 0.035156 0.035156
0 0.279297 0.816406 0.082031 0.078125
0 0.423828 0.890625 0.058594 0.046875
0 0.541016 0.937500 0.144531 0.054688
0 0.623047 0.865234 0.082031 0.082031
