0 0.226562 0.056641 0.234375 0.050781
0 0.130859 0.222656 0.121094 0.054688
0 0.093750 0.292969 0.109375 0.085938
0 0.125000 0.406250 0.085938 0.054688
0 0.115234 0.613281 0.082031 0.109375
0 0.390625 0.257812 0.187500 0.140625
0 0.306641 0.388672 0.183594 0.113281
0 0.453125 0.611328 0.156250 0.066406
0 0.517578 0.554688 0.074219 0.054688
0 0.550781 0.361328 0.054688 0.035156
0 0.646484 0.298828 0.066406 0.089844
0 0.615234 0.480469 0.082031 0.109375
0 0.791016 0.470703 0.136719 0.066406
0 0.765625 0.580078 0.085938 0.089844
0 0.707031 0.660156 0.070312 0.054688
0 0.386719 0.767578 0.093750 0.074219
0 0.718750 0.761719 0.062500 0.070312
0 0.619141 0.816406 0.089844 0.039062
