0 0.466797 0.130859 0.097656 0.082031
0 0.638672 0.226562 0.207031 0.101562
0 0.804688 0.158203 0.062500 0.089844
0 0.525391 0.287109 0.074219 0.058594
0 0.453125 0.343750 0.062500 0.046875
0 0.238281 0.351562 0.078125 0.054688
0 0.261719 0.490234 0.187500 0.160156
0 0.568359 0.408203 0.074219 0.066406
0 0.630859 0.527344 0.191406 0.070312
0 0.632812 0.712891 0.531250 0.285156
0 0.880859 0.437500 0.136719 0.140625
0 0.869141 0.281250 0.066406 0.093750
0 0.927734 0.642578 0.050781 0.050781
0 0.306641 0.804688 0.152344 0.140625
