0 0.449219 0.156250 0.132812 0.085938
0 0.527344 0.234375 0.078125 0.054688
0 0.755859 0.208984 0.089844 0.097656
0 0.837891 0.332031 0.113281 0.062500
0 0.658203 0.386719 0.128906 0.109375
0 0.474609 0.384766 0.183594 0.128906
0 0.289062 0.330078 0.070312 0.042969
0 0.250000 0.539062 0.132812 0.093750
0 0.189453 0.617188 0.082031 0.062500
0 0.333984 0.689453 0.238281 0.097656
0 0.552734 0.699219 0.175781 0.101562
0 0.593750 0.568359 0.132812 0.128906
0 0.792969 0.708984 0.062500 0.050781
0 0.917969 0.667969 0.046875 0.046875
0 0.771484 0.857422 0.066406 0.042969
0 0.566406 0.777344 0.093750 0.070312
0 0.611328 0.855469 0.136719 0.062500
0 0.542969 0.951172 0.078125 0.042969
0 0.167969 0.810547 0.125000 0.113281
