0 0.332031 0.308594 0.125000 0.117188
0 0.324219 0.431641 0.093750 0.074219
0 0.230469 0.570312 0.187500 0.101562
0 0.208984 0.710938 0.121094 0.125000
0 0.541016 0.304688 0.183594 0.093750
0 0.777344 0.126953 0.085938 0.074219
0 0.925781 0.207031 0.109375 0.117188
0 0.968750 0.082031 0.046875 0.046875
0 0.708984 0.417969 0.128906 0.062500
0 0.535156 0.429688 0.140625 0.093750
0 0.531250 0.562500 0.132812 0.093750
0 0.580078 0.738281 0.144531 0.093750
0 0.714844 0.673828 0.078125 0.082031
0 0.853516 0.478516 0.066406 0.050781
0 0.841797 0.566406 0.066406 0.046875
0 0.783203 0.267578 0.042969 0.050781
0 0.375000 0.794922 0.171875 0.183594
0 0.283203 0.880859 0.121094 0.089844
