0 0.832031 0.093750 0.164062 0.132812
0 0.763672 0.250000 0.300781 0.085938
0 0.492188 0.203125 0.281250 0.203125
0 0.414062 0.394531 0.218750 0.179688
0 0.890625 0.394531 0.148438 0.164062
0 0.851562 0.537109 0.132812 0.152344
0 0.783203 0.599609 0.113281 0.097656
0 0.675781 0.462891 0.125000 0.136719
0 0.560547 0.527344 0.082031 0.070312
0 0.396484 0.583984 0.097656 0.066406
0 0.255859 0.574219 0.105469 0.140625
0 0.126953 0.650391 0.082031 0.160156
0 0.275391 0.779297 0.191406 0.089844
0 0.396484 0.855469 0.082031 0.093750
0 0.576172 0.765625 0.214844 0.171875
0 0.269531 0.902344 0.171875 0.132812
0 0.103516 0.863281 0.121094 0.070312
