0 0.208984 0.214844 0.160156 0.085938
0 0.291016 0.324219 0.113281 0.078125
0 0.126953 0.359375 0.066406 0.117188
0 0.212891 0.453125 0.066406 0.054688
0 0.195312 0.587891 0.093750 0.097656
0 0.314453 0.425781 0.050781 0.039062
0 0.593750 0.244141 0.179688 0.128906
0 0.708984 0.378906 0.113281 0.062500
0 0.771484 0.455078 0.050781 0.042969
0 0.724609 0.611328 0.113281 0.136719
0 0.769531 0.757812 0.117188 0.085938
0 0.869141 0.753906 0.042969 0.148438
0 0.542969 0.826172 0.187500 0.175781
0 0.457031 0.541016 0.085938 0.089844
0 0.310547 0.755859 0.167969 0.152344
0 0.628906 0.666016 0.054688 0.042969
