0 0.322266 0.158203 0.207031 0.152344
0 0.158203 0.277344 0.285156 0.210938
0 0.445312 0.349609 0.156250 0.175781
0 0.316406 0.388672 0.117188 0.144531
0 0.365234 0.656250 0.222656 0.296875
0 0.566406 0.738281 0.171875 0.187500
0 0.599609 0.431641 0.136719 0.175781
0 0.531250 0.546875 0.085938 0.039062
0 0.755859 0.333984 0.191406 0.128906
0 0.902344 0.457031 0.046875 0.046875
0 0.968750 0.591797 0.039062 0.058594
0 0.863281 0.796875 0.070312 0.046875
0 0.156250 0.412109 0.070312 0.035156
0 0.160156 0.498047 0.078125 0.042969
0 0.488281 0.248047 0.062500 0.050781
