0 0.544922 0.113281 0.144531 0.093750
0 0.388672 0.169922 0.121094 0.066406
0 0.554688 0.250000 0.148438 0.054688
0 0.427734 0.404297 0.378906 0.191406
0 0.652344 0.302734 0.062500 0.035156
0 0.761719 0.484375 0.226562 0.132812
0 0.945312 0.476562 0.054688 0.093750
0 0.812500 0.593750 0.132812 0.062500
0 0.712891 0.794922 0.121094 0.058594
0 0.314453 0.560547 0.191406 0.082031
0 0.183594 0.605469 0.101562 0.062500
0 0.156250 0.677734 0.125000 0.066406
0 0.210938 0.835938 0.164062 0.187500
0 0.361328 0.697266 0.230469 0.152344
0 0.486328 0.875000 0.269531 0.132812
0 0.322266 0.904297 0.089844 0.074219
0 0.654297 0.853516 0.042969 0.042969
0 0.070312 0.724609 0.046875 0.042969
