0 0.320312 0.117188 0.218750 0.187500
0 0.457031 0.285156 0.242188 0.195312
0 0.675781 0.328125 0.140625 0.101562
0 0.644531 0.199219 0.101562 0.062500
0 0.371094 0.480469 0.179688 0.226562
0 0.140625 0.306641 0.218750 0.113281
0 0.173828 0.574219 0.105469 0.171875
0 0.275391 0.699219 0.105469 0.085938
0 0.384766 0.802734 0.121094 0.105469
0 0.548828 0.912109 0.214844 0.144531
0 0.792969 0.865234 0.195312 0.152344
0 0.683594 0.753906 0.085938 0.062500
0 0.542969 0.628906 0.093750 0.070312
0 0.757812 0.533203 0.265625 0.324219
0 0.937500 0.689453 0.054688 0.152344
