0 0.441406 0.183594 0.242188 0.070312
0 0.488281 0.273438 0.132812 0.093750
0 0.626953 0.375000 0.128906 0.062500
0 0.816406 0.367188 0.164062 0.054688
0 0.560547 0.486328 0.082031 0.089844
0 0.142578 0.529297 0.105469 0.074219
0 0.222656 0.476562 0.046875 0.039062
0 0.357422 0.572266 0.050781 0.035156
0 0.201172 0.291016 0.105469 0.050781
0 0.072266 0.384766 0.042969 0.082031
0 0.679688 0.654297 0.070312 0.050781
0 0.816406 0.582031 0.085938 0.062500
0 0.605469 0.820312 0.085938 0.078125
0 0.742188 0.103516 0.062500 0.050781
0 0.574219 0.037109 0.218750 0.050781
