0 0.529297 0.183594 0.449219 0.312500
0 0.859375 0.056641 0.203125 0.089844
0 0.863281 0.283203 0.148438 0.308594
0 0.763672 0.574219 0.277344 0.171875
0 0.787109 0.691406 0.050781 0.062500
0 0.740234 0.773438 0.097656 0.085938
0 0.880859 0.470703 0.074219 0.058594
0 0.570312 0.583984 0.093750 0.050781
0 0.593750 0.666016 0.062500 0.066406
0 0.564453 0.794922 0.058594 0.058594
0 0.671875 0.734375 0.039062 0.054688
0 0.683594 0.849609 0.078125 0.050781
0 0.558594 0.906250 0.078125 0.070312
0 0.445312 0.544922 0.062500 0.074219
0 0.441406 0.666016 0.101562 0.089844
0 0.259766 0.365234 0.066406 0.050781
0 0.224609 0.470703 0.113281 0.105469
0 0.246094 0.605469 0.109375 0.062500
0 0.255859 0.757812 0.121094 0.101562
0 0.199219 0.830078 0.179688 0.105469
