0 0.480469 0.283203 0.320312 0.410156
0 0.750000 0.093750 0.148438 0.117188
0 0.794922 0.253906 0.128906 0.171875
0 0.662109 0.316406 0.042969 0.062500
0 0.164062 0.304688 0.148438 0.140625
0 0.683594 0.535156 0.375000 0.171875
0 0.810547 0.412109 0.082031 0.066406
0 0.177734 0.423828 0.089844 0.050781
0 0.125000 0.611328 0.179688 0.253906
0 0.287109 0.542969 0.152344 0.085938
0 0.466797 0.617188 0.230469 0.085938
0 0.621094 0.732422 0.156250 0.121094
0 0.701172 0.832031 0.144531 0.117188
0 0.373047 0.802734 0.199219 0.121094
0 0.250000 0.955078 0.070312 0.050781
