0 0.585938 0.095703 0.382812 0.105469
0 0.773438 0.279297 0.351562 0.246094
0 0.658203 0.449219 0.121094 0.054688
0 0.789062 0.544922 0.101562 0.074219
0 0.662109 0.656250 0.105469 0.179688
0 0.695312 0.757812 0.195312 0.078125
0 0.509766 0.208984 0.082031 0.082031
0 0.347656 0.289062 0.242188 0.101562
0 0.210938 0.378906 0.140625 0.140625
0 0.218750 0.611328 0.218750 0.246094
0 0.410156 0.572266 0.156250 0.175781
0 0.466797 0.396484 0.097656 0.089844
0 0.490234 0.824219 0.144531 0.164062
0 0.449219 0.951172 0.078125 0.035156
