0 0.476562 0.171875 0.085938 0.054688
0 0.693359 0.189453 0.222656 0.160156
0 0.550781 0.300781 0.117188 0.093750
0 0.386719 0.250000 0.078125 0.062500
0 0.201172 0.490234 0.113281 0.097656
0 0.228516 0.634766 0.292969 0.136719
0 0.371094 0.529297 0.078125 0.050781
0 0.544922 0.689453 0.175781 0.097656
0 0.777344 0.630859 0.078125 0.121094
0 0.716797 0.742188 0.105469 0.093750
0 0.716797 0.337891 0.152344 0.113281
0 0.654297 0.443359 0.042969 0.058594
0 0.472656 0.449219 0.125000 0.125000
0 0.242188 0.773438 0.171875 0.101562
0 0.853516 0.511719 0.066406 0.164062
