0 0.474609 0.117188 0.082031 0.070312
0 0.380859 0.275391 0.246094 0.121094
0 0.593750 0.296875 0.085938 0.070312
0 0.697266 0.240234 0.113281 0.082031
0 0.666016 0.431641 0.113281 0.152344
0 0.437500 0.492188 0.132812 0.117188
0 0.587891 0.583984 0.167969 0.136719
0 0.771484 0.589844 0.128906 0.140625
0 0.878906 0.507812 0.101562 0.125000
0 0.867188 0.755859 0.140625 0.105469
0 0.792969 0.912109 0.187500 0.128906
0 0.498047 0.753906 0.191406 0.148438
0 0.318359 0.632812 0.144531 0.156250
0 0.240234 0.380859 0.066406 0.058594
