0 0.705078 0.208984 0.191406 0.207031
0 0.566406 0.246094 0.148438 0.062500
0 0.517578 0.332031 0.128906 0.062500
0 0.341797 0.343750 0.058594 0.054688
0 0.451172 0.490234 0.074219 0.152344
0 0.699219 0.541016 0.171875 0.121094
0 0.880859 0.439453 0.097656 0.167969
0 0.851562 0.279297 0.046875 0.042969
0 0.673828 0.349609 0.082031 0.089844
0 0.224609 0.566406 0.121094 0.109375
0 0.375000 0.630859 0.218750 0.082031
0 0.458984 0.734375 0.066406 0.054688
0 0.328125 0.781250 0.125000 0.078125
0 0.173828 0.738281 0.160156 0.070312
0 0.201172 0.667969 0.042969 0.031250
