0 0.527344 0.341797 0.320312 0.339844
0 0.613281 0.585938 0.312500 0.171875
0 0.939453 0.455078 0.058594 0.082031
0 0.937500 0.667969 0.078125 0.156250
0 0.800781 0.824219 0.085938 0.046875
0 0.324219 0.648438 0.109375 0.093750
0 0.179688 0.546875 0.164062 0.085938
0 0.208984 0.437500 0.113281 0.054688
0 0.156250 0.273438 0.062500 0.039062
0 0.351562 0.392578 0.070312 0.050781
0 0.419922 0.066406 0.183594 0.062500
0 0.675781 0.130859 0.101562 0.074219
0 0.363281 0.843750 0.062500 0.039062
0 0.494141 0.904297 0.082031 0.074219
