0 0.830078 0.341797 0.246094 0.105469
0 0.712891 0.425781 0.191406 0.062500
0 0.669922 0.193359 0.074219 0.050781
0 0.443359 0.244141 0.097656 0.050781
0 0.304688 0.322266 0.085938 0.082031
0 0.386719 0.455078 0.125000 0.082031
0 0.158203 0.437500 0.128906 0.148438
0 0.203125 0.599609 0.148438 0.136719
0 0.076172 0.664062 0.066406 0.117188
0 0.091797 0.828125 0.121094 0.093750
0 0.169922 0.730469 0.113281 0.101562
0 0.388672 0.753906 0.285156 0.109375
0 0.402344 0.646484 0.132812 0.113281
0 0.472656 0.558594 0.226562 0.078125
0 0.699219 0.687500 0.195312 0.070312
0 0.851562 0.628906 0.140625 0.093750
0 0.691406 0.818359 0.109375 0.082031
0 0.312500 0.929688 0.171875 0.078125
0 0.332031 0.863281 0.070312 0.070312
