0 0.460938 0.126953 0.226562 0.183594
0 0.593750 0.294922 0.187500 0.144531
0 0.673828 0.207031 0.066406 0.046875
0 0.406250 0.355469 0.218750 0.218750
0 0.208984 0.539062 0.089844 0.054688
0 0.117188 0.628906 0.085938 0.140625
0 0.236328 0.666016 0.128906 0.050781
0 0.392578 0.742188 0.300781 0.078125
0 0.431641 0.816406 0.160156 0.070312
0 0.427734 0.910156 0.152344 0.093750
0 0.882812 0.443359 0.078125 0.058594
0 0.755859 0.691406 0.136719 0.054688
0 0.720703 0.552734 0.074219 0.042969
0 0.576172 0.531250 0.050781 0.039062
0 0.548828 0.626953 0.050781 0.050781
