0 0.732422 0.246094 0.464844 0.437500
0 0.263672 0.310547 0.160156 0.292969
0 0.414062 0.410156 0.171875 0.148438
0 0.396484 0.279297 0.066406 0.058594
0 0.460938 0.150391 0.070312 0.167969
0 0.148438 0.455078 0.078125 0.066406
0 0.117188 0.619141 0.125000 0.105469
0 0.140625 0.746094 0.078125 0.062500
0 0.263672 0.591797 0.121094 0.105469
0 0.279297 0.746094 0.152344 0.179688
0 0.451172 0.646484 0.191406 0.207031
0 0.634766 0.533203 0.253906 0.144531
0 0.818359 0.515625 0.128906 0.125000
0 0.787109 0.636719 0.050781 0.046875
0 0.611328 0.669922 0.097656 0.097656
0 0.583984 0.822266 0.160156 0.074219
0 0.683594 0.732422 0.109375 0.066406
0 0.421875 0.828125 0.078125 0.046875
0 0.482422 0.771484 0.042969 0.035156
