0 0.261719 0.083984 0.101562 0.089844
0 0.402344 0.140625 0.218750 0.148438
0 0.267578 0.210938 0.066406 0.062500
0 0.136719 0.105469 0.125000 0.109375
0 0.152344 0.222656 0.078125 0.062500
0 0.369141 0.361328 0.167969 0.191406
0 0.625000 0.294922 0.109375 0.128906
0 0.541016 0.392578 0.066406 0.058594
0 0.630859 0.519531 0.097656 0.109375
0 0.792969 0.615234 0.062500 0.082031
0 0.783203 0.376953 0.058594 0.082031
0 0.443359 0.683594 0.128906 0.140625
0 0.300781 0.726562 0.125000 0.093750
0 0.734375 0.734375 0.140625 0.109375
0 0.845703 0.771484 0.082031 0.160156
0 0.689453 0.925781 0.082031 0.125000
0 0.800781 0.914062 0.078125 0.085938
0 0.542969 0.853516 0.179688 0.113281
0 0.630859 0.671875 0.105469 0.078125
