0 0.412109 0.277344 0.292969 0.226562
0 0.339844 0.060547 0.085938 0.050781
0 0.189453 0.076172 0.050781 0.066406
0 0.158203 0.212891 0.097656 0.082031
0 0.128906 0.402344 0.062500 0.234375
0 0.523438 0.500000 0.140625 0.070312
0 0.380859 0.546875 0.082031 0.054688
0 0.373047 0.638672 0.246094 0.066406
0 0.462891 0.744141 0.074219 0.058594
0 0.556641 0.687500 0.058594 0.062500
0 0.703125 0.750000 0.218750 0.164062
0 0.728516 0.892578 0.074219 0.058594
0 0.603516 0.826172 0.066406 0.042969
0 0.753906 0.578125 0.109375 0.054688
0 0.636719 0.523438 0.039062 0.031250
0 0.886719 0.720703 0.031250 0.105469
