0 0.367188 0.390625 0.304688 0.234375
0 0.121094 0.390625 0.109375 0.093750
0 0.197266 0.550781 0.105469 0.179688
0 0.330078 0.648438 0.199219 0.140625
0 0.464844 0.541016 0.210938 0.121094
0 0.703125 0.443359 0.117188 0.230469
0 0.835938 0.140625 0.062500 0.078125
0 0.900391 0.267578 0.050781 0.074219
0 0.742188 0.062500 0.117188 0.062500
0 0.109375 0.589844 0.117188 0.109375
0 0.220703 0.804688 0.214844 0.187500
0 0.470703 0.732422 0.136719 0.113281
0 0.582031 0.796875 0.085938 0.046875
0 0.460938 0.863281 0.265625 0.109375
0 0.808594 0.785156 0.062500 0.046875
0 0.916016 0.562500 0.042969 0.054688
0 0.466797 0.144531 0.042969 0.046875
