0 0.681641 0.109375 0.097656 0.054688
0 0.757812 0.189453 0.085938 0.066406
0 0.578125 0.369141 0.125000 0.058594
0 0.753906 0.414062 0.132812 0.140625
0 0.603516 0.644531 0.199219 0.343750
0 0.451172 0.687500 0.128906 0.070312
0 0.466797 0.466797 0.042969 0.058594
0 0.244141 0.476562 0.066406 0.078125
0 0.146484 0.615234 0.152344 0.097656
0 0.197266 0.728516 0.152344 0.082031
0 0.218750 0.937500 0.085938 0.070312
0 0.761719 0.888672 0.109375 0.082031
0 0.847656 0.742188 0.070312 0.054688
0 0.888672 0.333984 0.042969 0.050781
0 0.576172 0.927734 0.058594 0.035156
